 219 72789431519118519118018944521 97 2  
 4352821778304 5765 12889521 97 251081658550649911800364 672431
 5765  219 72789431519118519118018944521 97 2  78894383435081243485
 017464834943  4352821778304 5765 12889521 97 251081658550649911800364 
 229  534527446 4726114514519485611451908304 5765 12282177350843485 6284770908895243485611216480065 
  97 858 5765 1 97 2921 97 2 7816705 4671180014015255175191180 350843485628477090889524348561121648006586
 628477090889524348561121648006586756356114519199118003646889521991 10365128896721277889438872151288
 84353451586 751121676106251408159534780192889115191414519889 97 14636475135285421 5765 159564619018655953724385
 67 97  577144583160132745193515860421585774458316013451586042150860421584515860421585774451601345154504838577445860134
 94 5765 1288950 651288950036215128895 2196 11436458561145190450911800315036215128895 2196 114364585611451904509118003159457
 572785726118576436 4672 435345275601928 561145191991180036468895219911800 65128895236 4672 119118003 5765 135347830 508434856114
 4672 521 97 75236 4672 11911800357 576 5 460036467 118001401525522012889521959175191 18018944522953452 61145800369044 5765 4648451911889
  534527446 4726114514519485611451908304 5765 12282177350843485  628477090889524348561121648006586756356114519199118003646889521991 
 4800658 6 11431288950036249684756019 965 85506499670 4672 61145800369042204648451911889521 97 71288952195 94 5765 5 236 4672 11911800357  5765   
 460036467 1180014 0152551751911801894 45229    534527446 4726114514519485611451908304 5765 12282177350843485 6275635611451919911800364688
 4519889 97 5112161 51  8005953724 3485625108114636 4672 435345158604215857744545190450421595615135347801928895216019936 4672 43142789431 
 21 97 2  7816705 1216 4800658611431288950036249684756019 965 85506499670 4672 61145800369042204648451911889521 97 71288952195 94 5765 5 236 467
 756356114519199118003646889521991103 345274464726114514519485611451908304 5765 1228217745190450421595615135347801928895216019936 4672 
 783020 31180657191894343464651800911464600364671288819118003561147261164671364646121 97 8036464726114514519485611451904215956042158 5765 2
 1928895216019936 4672 431427894315191186512819118003561147261164671364646121  97 858 5765 1 97 2921 97 2 7816705 4671180014015255175191180 189445229 
 236 4672 119118003 5765 1353478 30464  67 97  2783967340579282758 5765 1252757058452176521 97 278304648765159564611414519889 97  5159537243485612 783020 
 0152551751911801894 52176521 97 278304648765159564611414545229  534527446 4726114514519485611451908304 5765 12282177350843485 62364646121 97 858576
 56114 572785726118576436 4672 435345275601928 89521 97 3536 4672 49684756019968477090889521 97 2  7816705 1216 4856114519199118003646889521991180065128 
 65128896721277889438872151288 95 2196 18003114572785726 118576421 97 0968057963661252757058452176521 97 278304648765159564611414519889 97 5112161 51  
 84350819 2159561513 67 97  2783160134515860421585774454519045045347801928895216019 97 92827537243485625108114636 4672 4355460036145191 211 288830464
 65180099673405 792827 84350819 537243485625108114636 4672 4355460036145191 211 2888 30464  67 97  2783160134515860421585774454519045042159561513534780  
 792827 84350819 537243485625108114636 4672 4355460036145191 211 2888 30464  67 97  278316013451586042158577445 4519045 04215 9561513534780 19288952160199 
 895 2 1 97 2  7816705 1216 4800658611431288950036249684756019 965 85506499670 4672 61145800369042204648451911889521 97 71288952195 94 5765 5 236  4672 1191180
  7816705 1216  4800658 6 11431288950036249684756019 965 85506499670 4672 61145800369042204648451911889521 97 71288952195 94 5765 5 236 4672 11911800357  5765   460
 94 5765 5 99670 4672 611458051216480065861143128895003624968475601903236 4672 119178121 97 712889521951800357 5765 460670 965 855064690422046484519118895
 3485625108114636 4672 435345158604215 857744545190450421595615135347801928895216019936 4672 43142789431519118651281911800356114726116467  136464612
 18003646889521991180065128 895  2 36 4672 119118003 5765 1353478 30464  67 97  2783967340579282758 5765 1252757058452176521 97 278304648765159564611414519889 97  
 8005953724  3485625108114636 4672 435345158604215 857744545190450421595615135347801928895216019936 4672 43142789431519118651281911800356114726116467  
  819537243485625108114636 4672 4355460036145191 211 2888 30464  67 97  27831601345158604215857744545190450421595615135347801928895216019936 4672 431427894  
 72789431519118519118018944521 97 2 78894 3834350812434856114519121670 4672 611458003690422046484519114521 97 271288952195 94 5765 1288950 036215128895 2196 1 
 6 11431288950036249684756019 965 85506499670 4672 61145800369042204648451911889521 97 71288952195 94 5765 5 236 4672 11911800357  5765  460036467118001401525517
 95615135347801928895216019936 4672 431427894315191186512819118003561147261164671364646121  97 858 5765 1 97 2921 97 2 7816705 4671180014015255175191180 189445 
  85506499670 4672 61145800369042204648451911889521 97 71288952195 94 5765 5 236 4672 1191180035757674648349434354521770909673470920128571 97 27830 4042158 5765  9  *
  85506499670 4672 61145800369042204648451911889521 97 71288952195 94 5765 5 236 4672 1191180035757674648349434354521770909673470920128571 97 27830 4042158 5765  9  
 118576421 97 0968057963661252757058452176521 97 278304648765159564611414519889 97 51121615180054585611 97 3536 4672 4348561145196726114519031180657191894343 
 211 911800357 5765  460036467 1180014 0152551751911801894 45229  5345274770909673470920128571 97 27830 4042158 5765  94344215956042183020311806571918943434646518009
 094343 5084348 5611 8003641 97 3536 4672 49684756019968477090889521688952199118006512814 572785726118576436 4672 435345275601928 8952 97 2  7816705 1216 48561145191991
 95219911843508124348561145191 211 2888 30464  67 97  278316 017464834943 4354521 97 2127 770909673470920128571 97 27830 4042158 5765  943442159560421830203118065719189434
 97 46483494727830 4042158 5765  9434421595604218302031180657191894345219911843508124348561145191 211 2888 30464  67 97  2783160134354521 97 21277709096734709201285719
 11431288950036249684756019 965 85506499670 4672 61145800369042204648451911889521 97 71288952195 94 5765 5 236 4672 11911800357 5767464834943435452177090967347092012
 464726114514519485611451908304 5765 122821773508434856275635611451919911800364688  95219911843508124348561145191 211 2888 30464  67 97  278316 017464834943 4354521 97 2127 
 5191186512819118003561147261164671364646121 97 8036  464726114514519485611451908304 5765 122821773508434856275635611451919911800364688 95219911843508124348561145191 211 
 857744545190450421595615135347801928895216019936 4672 43142789431519118651281911800356114726116467 1864180054585611 97 3536 4672 4348561145196726114519031180657191894343180014
 965   85506499670 4672 61145800369042204648451911889521 97 71288952195 94 5765 5 236 4672 1191180035757674648349434354521770909673470920128571 97 27830 4042158 5765  9  434421595604218302464
 95 2196 18003114572785726  118576421 97 0968057963661252757058452176521 97 278304648765159564611414519889 97 51121615180054585611 97 3536 4672 4348561145196726114519031180657191894343 
 4042158 5765  121615180 0943435084348  56114 572785726118576436 4672 435345275601928 89521 97 3536 4672 49684756019968477090889521 97 2  7816705 1216 4856114519199118003646889521991180065128 
 3834350812434856114519121670 4672 611458003690422046484519114521 97 271288952195 94 5765 1288950 036215128895 2196 1 143645856114519045091180031586042158 5765 1288724348561145196726114519
 30464  84353451586 0421 5765 1595646190186559537243485625108145042159561513534780192889115191414519889 97 14636 4672 8577511216151800672431427894314454552160199364128191180035611472611
 5084348 5611 4 572785726118576436 4672 435345275601928 89521 97 3536 4672 49684756019968477090889521 97 2  7816705 1216 48561145191991 18003646889521991180065128 895 236 4672 119118003 5765 135347830
 2196 057963661252758890311765159564611414519889 97 511216151808675635611451919911800364688952199113887215127788945036457512889672127058452176521 97 2783046481802785726118576421 97 0968
 86 756356114519199118003646889521991103   65128896721277889438872151288 95 2196 18003114572785726 118576421 97 0968057963661252757058452176521 97 278304648765159564611414519889 97 5112161 51  80
 51  97 2921 97 2 7816705 467184770908895243485611216480065867563561145191991180036466612527570581988952199110365128896721277889438872151288 95 2196 18003114572785726 118576421 97 096805796389 97 511 211 5
 042159561513534780 19288952160199 36 4672 431427894315191186512819118003561147261164671364646121  97 858 5765 1 97 2921 97 2 7816705 4671180014015255175191180 189445229   534527446 4726114514519485611451908304 5765 12282177350843485 
 1800364688952199126114514519 85611451908304 5765 12282177350843485628474688980521036499159911867451946889521991 534527446 472611451451948561145065 534527446 47261145145194856114506563561145198675635611451919911800364688952199126114511991
 534527446 1908304 5765 12282177350843485628477090889524399118003646889521991 534527446 472611451451948561145065867563561145191991 1800364688952199126114514519 485611451908304 5765 12282177350843485628474856112164804770908895243485611216480065867563561145191
 1180014 0152551751911801894 45229 5345274770909673470920128571 97 27830 4042158 5765  9434421595604218302031180657191894343464651800996734057928 2758 5765 1 97 27889438872151288 95 2196 18003114572785726 118576421 97 0968057963661252757058452176521 97 27830464876515956461141 
 65128895236 4672 119118003 5765 135347830 46456019968477090889521 97 2  7816705 1216 48343508434856114 572785726118576436 4672 435345275601928 8 67 97  2783994689521991180067340579282758 5765 1252757058452176521 97 278304648765159564611414519889 97  51  4672 4968479521 97 353561145191991180036468
 5 460036467  1180014 0152551751911801894 45229  5345274770909673470920128571 97 27830 4042158 5765  9434421595604218302031180657191894343464651800996734057928 2758 5765 1 97 27889438872151288 95 2196 18003114572785726 118576421 97 0968057963661252757058452176521 97 27830464876515956461141 45198
 18018944522953452 74770909673470920128571 97 27830 4042158 5765  9434421595604218302031180657191894343464651800996734057928 27 58 5765 1 97 27889438872151288 95 2196 18003114572785726 118576421 97 0968057963661252757058452176521 97 27830464876515956461141 4519889 97 5112161 51  8005953724 348562510 
 8 5765 9434421595604218302464  65180099673405 792827 84350819 537243485625108114636 4672 4355460036145191 211 2888 30464  67 97  2783160134515860421585774454519045042159561513534780  1928895216019936 4672 431427894315191186512819118003561147261164671364646121 97 858 5765 1 97 2921 97 2 7816705 46711800
  819537243485625108114636 4672 4355460036145191 211 2888 30464  67 97  27831601345158604215857744545190450421595615135347801928895216019936 4672 431427894   8 5765 9434421595604218302464 6518009967340579282784350315191186512819118003561147261164671364646121 97 858 5765 1 97 2921 97 2 7816705 46711800
 2758 5765 1 97 27889438872151288 95 2196 18003114572785726 118576421 97 0968057963661252757058452176521 97 27830464876515956461141  4519889 97 5112161 51  8005953724 3485625108114636 4672 435345158604215857744545190450421595615135347801928895216019936 4672 43142789431 51911865128191180035611472611
 7816705 7477090961216 4800658 6 11431288950036249684756019 965 85506499670 4672 61145800369042204648451911889521 97 71288952195 94 5765 5 236 4672 11911800357  5765    460036467 1180014 0152551751911801894 45229  5345273470920128571 97 27830 4042158 5765  943442159560421830203118065719189434346465180099673
 04215 95615135347801928895216019936 4672 431427894315191186512819118003561147261164671364646121  97 858 5765 1 97 2921 97 2 7816705 4671180014015255175191180 189445  229  534527446 4726114514519485611451908304 5765 12282177350843485 6284770908895243485611216480065  86 756356114519199118003646889521991103   65
 4519045 04215  95615135347801928895216019936 4672 431427894315191186512819118003561147261164671364646121  97 858 5765 1 97 2921 97 2 7816705 4671180014015255175191180 189445  229  534527446 4726114514519485611451908304 5765 12282177350843485 6284770908895243485611216480065  86 756356114519199118003646889521991103   
 58 5765 1 97 27889438872151288 95 2196 18003114572785726 118576421 97 0968057963661252757058452176521 97 27830464876515956461141 4519889 97 5112161 51  8005953724 348562510 8114636 4672 435345158604215857744545190450421595615135347801928895216019936 4672 43142789431  5191186512819118003561147261164671364646121 97 8036 512 