 219 7 278  9431 519 118 519 118 0 1894 4 521  97 2  
  435 2821778304  576 5  128 89 521  97 25108165 855064 9 9 118 00 364 672431
  576 5  219 7 278  9431 519 118 519 118 0 1894 4 521  97 2  7 889 4 38 343  508 12  434 8  5
 01 7 464 83494 3   435 2821778304  576 5  128 89 521  97 25108165 855064 9 9 118 00 364 
 229   5  345 2  7446 4726 114 514 519 48 56 114   519 08304  576 5 12282177 3 508   434 8 5  6284770908 895 2  434 8 561  121 6 480065 
  97 858  576 5 1 97 2921 97 2 781 670 5 467  118 0014 01525517 519  118 0 3 508   434 8 5 6284770908 895 2  434 8 561  121 6 480065 86
  6284770908 895 2  434 8 561  121 6 480065 86 7563   56 114   519 19 9 118 00  36 468 8 95  219 91 103 65 128  8967 2127 7 889 43887 215  128 8
 8 435  345 1586  751   121 6 761062 514 08 159 53 478 0 192 889  11 519 141 4 519  889   97  14 636  4 751 35285 421   576 5  159  5646 190186559 53724 385
 67 97  57714 458  316 013274 519 35 1586 0 421  5  8577 445  8  316 01 345  1586 0  421  508 60 421 5845 1586 0 421  5  8577 445  1601 345 15450483  8577 445 860134
 94  576 5   128  895 0  65  128  895 0  036 215 128  895   219 6   114 3 6 458  56 114   519  045 0 9 118 00  315  036 215 128  895   219 6   114 3 6 458  56 114   519  045 0 9 118 00  315 9457
 57 278  5726  118  576 436  467 2 43 5  345 2  75 6019 28  56 114   519 19 9 118 00  36 468 8 95 219  9 118 00   65 128  895 236   467 2 11 9 118 00 3  576 5  1 353 478 30 508  434 8  56 114  
  467 2 521 97 75 236   467 2 11 9 118 00 357  576  5  460  036  467    118 0014 015255220 128  895  219 5917 519 1 180  1894 45  229 5  345 2  6 114 580 036 9044  576 5  464 84 519  118 89
   5  345 2  7446 4726 114 514 519 48 56 114   519 08304  576 5 12282177 3 508   434 8 5    6284770908 895 2  434 8 561  121 6 480065 86 7563   56 114   519 19 9 118 00  36 468 8 95  219 91 
  480065 8 6  114 3  128  895 0  036 2 4968475  6019  965 855064 99 670    467 2 6 114 580 036 904220  464 84 519  118 89  521  97 7 128  895  219 5 94  576 5 5 236  467 2 11 9 118 00 357   576 5   
  460 036 467   118 0014  01525517 519  118 0 1894 45 229      5  345 2  7446 4726 114 514 519 48 56 114   519 08304  576 5 12282177 3 508   434 8 5  62 7563   56 114   519 19  9 118 00 36 468 8
 4 519  889  97 51  121 6 1 51  80059 53724    348 562510 8 114 636  467 2 435 345  1586 0 421 5  8577 445   4 519 045 0 421 5 9 561 5  1 353 478 0 192 889    521  6019 936  467 2 4314 278 9431 
 21 97 2  781 670 5  121 6   480065 8 6  114 3   128  895 0  036 2 4968475  6019  965 855064 99 670    467 2 6 114 580 036 904220  464 84 519  118 89  521  97 7 128  895  219 5 94  576 5 5 236  467 
 7563  56 114   519 19 9 118 00  36 468 8 95  219 91 103   345 2 7446  4726 114 514 519 48 56 114   519 08304   576 5  12282177  4 519 045 0 421 5 9 561 5  1 353 478 0 192 889   521  6019 936  467 2 
 7 8302 0 3 118 06 571 9 1894  343   464 6  5  180 0  9 114 6  460  036  467  1 2888 1 9 118 00 3 56 114   72611 6 467 136   464 6 121  97 8 036 46 4726  114 514 519 48 56 114   519 0 421 59560 421 58  576 5 2
 192 889  521  6019 936  467 2  4314 278 9431  519  118  65 128  1 9 118 00 3 56 114   72611 6 467 136   464 6 121   97 858  576 5 1 97 2921 97 2 781 670 5  467   118 0014 01525517 519  118 0  1894 45 229  
 236  467 2 11 9 118 00 3  576 5 1 353 478  30 464    67 97   278 39 673405   7928 27 58  576 5  125275 7 0584  521 76 521  97  278  30 464  876 5 159  5646 114 1 4 519 889  97   5 159   53724 348 561 2 7 8302 0 
  01525517 519  118 0 1894  521 76 521  97 278 30 464   876 5 159  5646 114 1 4545 229    5  345 2  7446 4726 114 514 519 48 56 114   519 08304  576 5 12282177 3 508   434 8 5  6 236   464 6 121 97  858  576 
  56 114   57 278  5726  118  576 436  467 2 43 5  345 2  75 6019 28 89 521  97  353 6  467 2 4968475 6019 968477090 889  521  97 2  781 670 5  121 6 48  56 114   519 19 9 118 00  36 468 8 95  219  9 118 00 65 128  
  65 128  8967 2127 7 889 43887 215  128 8 95  219 6   180 0 3 114 57 278 5726 118 576 421 97  0968 0579 636 6  125275 7 0584   521 76 521  97  278  30 464  876 5 159  5646 114 1 4 519  889   97 51  121 6 1 51  
  8 435  0 819  21 5 9 561 5  13 67 97   278  316 01 345  1586 0 421   5  8577 445   4 519 045 0 453 478 0 192 889   521 6019 97 92827 53724    348 562510 8 114 636   467 2  435 5  460 036 14 519 1 211 2888 30 464  
 6 5  180 0  99 673405   7928 27  8 435  0 819  53724   348 562510 8 114 636   467 2  435 5  460 036 14 519 1 211 2888 30 464   67 97   278  316 01 345  1586 0 421  5  8577 445   4 519 045 0 421 5 9 561 5  1 353 478 0  
  7928 27  8 435  0 819  53724   348 562510 8 114 636   467 2  435 5  460 036 14 519 1 211 2888 30 464   67 97   278  316 01 345  1586 0 421 5  8577 445  4 519 045 0 421 5 9 561 5 1 353 478 0 192 889  521  6019 9 
  895  2 1 97 2  781 670 5  121 6   480065 8 6  114 3   128  895 0  036 2 4968475  6019  965 855064 99 670    467 2 6 114 580 036 904220  464 84 519  118 89  521  97 7 128  895  219 5 94  576 5 5 236   467 2 119 118 0
  781 670 5  121 6   480065 8 6  114 3  128  895 0  036 2 4968475  6019  965 855064 99 670    467 2 6 114 580 036 904220  464 84 519  118 89  521  97 7 128  895  219 5 94  576 5 5 236  467 2 11 9 118 00 357   576 5   460
 94  576 5 5 99 670   467 2  6 114 580 5  121 6   480065 8 6  114 3   128  895 0   036 2 4968475  6019  03 236   467 2  119 1 781 21 97 7 128  895  219 5  180 0  357   576 5  460  670  965  855064 6 904220   464 84 519  118 89 5
   348 562510 8 114 636  467 2 435 345  1586 0 421 5  8577 445  4 519 045 0 421 5 9 561 5  1 353 478 0 192 889    521  6019 936  467 2  4314 278 9431  519  118  65 128  1 9 118 00 3 56 114   72611 6 467    136   464 6 12
  180 0  36 468 8 95  219  9 118 00 65 128  895  2 36  467 2 11 9 118 00 3  576 5 1 353 478  30 464    67 97   278 39 673405   7928 27 58  576 5  125275 7 0584  521 76 521  97  278  30 464  876 5 159  5646 114 1 4 519 889  97  
 80059 53724     348 562510 8 114 636  467 2 435 345  1586 0 421 5  8577 445  4 519 045 0 421 5 9 561 5  1 353 478 0 192 889    521  6019 936  467 2  4314 278 9431  519  118  65 128  1 9 118 00 3 56 114   72611 6 467   
  819 53724    348 562510 8 114 636   467 2  435 5  460 036 14 519 1 211 2888 30 464   67 97   278  316 01 345  1586 0 421 5  8577 445   4 519 045 0 421 5 9 561 5  1 353 478 0 192 889    521  6019 936  467 2 4314 278 94  
 7 278  9431  519  118  519  118 0 1894 4 521  97 2 7 889 4 38 343  508 12  434 8  56 114   519   121 6 70  467 2  6 114 580 036 904220   464 84 519   114  521  97 2 7 128  895   219 5 94  576 5  128  895 0  036 215 128  895   219 6 1 
 6  114 3  128  895 0  036 2 4968475  6019  965 855064 99 670    467 2 6 114 580 036 904220  464 84 519  118 89  521  97 7 128  895  219 5 94  576 5 5 236  467 2 11 9 118 00 357   576 5    460  036  467    118 0014 01525517
 9 561 5 1 353 478 0 192 889   521  6019 936  467 2  4314 278 9431  519  118  65 128  1 9 118 00 3 56 114   72611 6 467 136   464 6 121   97 858  576 5 1 97 2921 97 2 781 670 5  467   118 0014 01525517 519  118 0  1894 45 
  855064 99 670    467 2 6 114 580 036 904220  464 84 519  118 89  521  97 7 128  895  219 5 94  576 5 5 236  467 2 11 9 118 00  357  576 7 464 83494 343 54 521 7709096 73470920  128 571 97  278 30 40 421 58  576 5  9  *
  855064 99 670    467 2 6 114 580 036 904220  464 84 519  118 89  521  97 7 128  895  219 5 94  576 5 5 236  467 2 11 9 118 00  357  576 7 464 83494 343 54 521 7709096 73470920  128 571 97  278 30 40 421 58  576 5  9  
  118  576 421 97  0968 0579 636 6  125275 7 0584   521 76 521  97 278 30 464  876 5 159  5646 114 1 4 519 889  97  51  121 6 1  5  180 0  5 458   561 1  97  353 6  467 2  434 8 56 114   519 6726 114  519 03 118 06 571 9 1894 343 
 211  9 118 00 357  576 5   460 036 467   118 0014  01525517 519  118 0  1894  45 229    5  345 2  74 7709096 73470920   128  571  97  278 30 40 421 58  576 5  9 434  421 59560 421  8302 03 118 06 571 9 1894  343  464 6 5  180 0  9
 094 343  508  434 8   561 1 80 036 41 97  353 6  467 2 4968475 6019 968477090 889  521 68 895  219  9 118 00  65 128  14 57 278  5726  118  576 436  467 2 43 5  345 2  75 6019 28  895 2 97 2  781 670 5  121 6 48  56 114   519 19 91
 95 219 9 118 43 508 12  434 8  56 114   519 1 211 2888 30 464   67 97   278 316 01 7 464 83494 3  435 4 521  97 2127 7709096 73470920  128  571  97  278 30 40 421 58  576 5  9 434  421 59560 421  8302 03 118 06 571 9 1894 34
 97  464  83494 7 278 30 40 421 58  576 5  9 434  421 59560 421  8302 03 118 06 571 9 1894 345 219 9 118 43 508 12  434 8  56 114   519 1 211 2888 30 464   67 97   278  316 01 343 54 521  97 2127 7709096 73470920   128  571 9
  114 3  128  895 0  036 2 4968475  6019  965 855064 99 670    467 2 6 114 580 036 904220  464 84 519  118 89  521  97 7 128  895  219 5 94  576 5 5 236  467 2 11 9 118 00 357  576 7 464 83494 343 54 521  7709096 73470920  12
 46 4726 114 514 519 48 56 114   519 08304   576 5  12282177 3 508   434 8 5  62 7563   56 114   519 19  9 118 00 36 468 8  95 219 9 118 43 508 12  434 8  56 114   519 1 211 2888 30 464   67 97   278 316 01 7 464 83494 3  435 4 521  97 2127 
  519  118  65 128  1 9 118 00 3 56 114   72611 6 467 136   464 6 121  97 8 036   46 4726 114 514 519 48 56 114   519 08304   576 5  12282177 3 508   434 8 5  62 7563   56 114   519 19  9 118 00 36 468 8 95 219 9 118 43 508 12  434 8  56 114   519 1 211 
  8577 445  4 519 045 0 421 5 9 561 5  1 353 478 0 192 889    521  6019 936  467 2  4314 278 9431  519  118  65 128  1 9 118 00 3 56 114   72611 6 467  1864  180 0 5 458   561 1  97  353 6  467 2  434 8 56 114   519 6726 114  519 03 118 06 571 9 1894 343  180 0 14
 965   855064 99 670    467 2 6 114 580 036 904220  464 84 519  118 89  521  97 7 128  895  219 5 94  576 5 5 236  467 2 11 9 118 00  357  576 7 464 83494 343 54 521 7709096 73470920  128 571 97  278 30 40 421 58  576 5  9  434 421 59560 421 8302 464 
 95  219 6   180 0 3 114 57 278 5726   118  576 421 97  0968 0579 636 6  125275 7 0584   521 76 521  97  278  30 464  876 5 159  5646 114 1 4 519 889  97  51  121 6 1  5  180 0  5 458   561 1  97  353 6  467 2  434 8 56 114   519 6726 114  519 03 118 06 571 9 1894 343 
 40 421 58  576 5    121 6 1 5 180   094 343 508  434 8    56 114   57 278  5726  118  576 436  467 2 43 5  345 2  75 6019 28 89 521  97  353 6  467 2 4968475 6019 968477090 889  521  97 2  781 670 5   121 6  48  56 114   519 19 9 118 00  36 468 8 95  219  9 118 00 65 128  
 38 343  508 12  434 8  56 114   519   121 6 70  467 2  6 114 580 036 904220   464 84 519   114  521  97 2 7 128  895   219 5 94  576 5  128  895 0  036 215 128  895   219 6 1 1 436 458 56 114   519  045 0 9 118 00 3 1586 0 421 58  576 5  128 872  434 8  56 114   519 6726 114  519 
 30 464   8 435  345 1586 0 421   576 5 159 5646 190186559 53724   348 562510 81450 421 5 9 561 5  1 353 478 0 192 889  11 519 141 4 519  889   97 14 636   467 2 8577 51  121 6 1 5  180 0  672431 4 278 9 4314 4545 521   6019 936 4 128 1 9 118 00 3 56 114  72611
 508  434 8   561 1 4 57 278  5726  118  576 436  467 2 43 5  345 2  75 6019 28 89 521  97  353 6  467 2 4968475 6019 968477090 889  521  97 2  781 670 5  121 6 48  56 114   519 19 91  180 0  36 468 8 95  219  9 118 00 65 128  895 236  467 2 11 9 118 00 3  576 5  1 353 478 30
  219 6  0579 636 6 125275 889  031 176 5 159  5646 114 1 4 519  889   97  51  121 6 1 5 180  86 7563   56 114   519 19 9 118 00  36 468 8 95   219 9113887 215 1277 889 45 036 4575 128 8967 2127 0584 521 76 521  97  278  30 464  8 180  278  5726  118  576 421 97 0968
 86 7563  56 114   519 19 9 118 00  36 468 8 95  219 91 103     65 128  8967 2127 7 889 43887 215  128 8 95  219 6   180 0 3 114 57 278 5726  118  576 421 97  0968 0579 636 6  125275 7 0584   521 76 521  97  278  30 464  876 5 159  5646 114 1 4 519  889   97 51  121 6 1 51  80
 51  97 2921 97 2 781 670 5  467 184770908 895 2  434 8 561  121 6 480065 86 7563   56 114   519 19 9 118 00  364 666  125275 7 05 819 8 895  219 91 103 65 128  8967 2127 7 889 43887 215  128 8  95  219 6   180 0 3 114 57 278 5726  118  576 421 97  0968  0579 6389 97 511 211 5
 0 421 5 9 561 5  1 353 478 0 192 889  521  6019 9 36  467 2  4314 278 9431  519  118  65 128  1 9 118 00 3 56 114   72611 6 467 136   464 6 121   97 858  576 5 1 97 2921 97 2 781 670 5  467   118 0014 01525517 519  118 0  1894 45 229     5  345 2  7446 4726 114 514 519 48 56 114   519 08304  576 5 12282177 3 508   434 8 5  
  180 0  36 468 8 95  219 9126 114 514 519  8 56 114   519 08304  576 5  12282177 3 508   434 8 5  6284746 889 80 521  036 499 159 9 118 674 519  468  895  219 91  5  345 2  7446 4726 114 514 519 48 56 114   5065   5  345 2  7446 4726 114 514 519 48 56 114   5065 63 56 114   519  86 7563   56 114   519 19 9 118 00   36 468 8 95    219 9126 114 5 119 91
  5  345 2  7446 19 08304   576 5  12282177 3 508   434 8 5  6284770908 895 2439 9 118 00   36 468 8 95  219 91  5  345 2  7446 4726 114 514 519 48 56 114  5065 86 7563    56 114   519 19 91  180 0  36 468 8 95  219 9126 114 514 519  48 56 114   519  08304   576 5  12282177 3 508   434 8 5  6284748 561   121 6 4804770908 895 2  434 8  561   121 6 480065 86 7563   56 114   519 1
  118 0014  01525517 519  118 0  1894  45 229   5  345 2  74 7709096 73470920   128  571  97  278 30 40 421 58  576 5  9 434  421 59560 421  8302 03 118 06 571 9 1894  343  464  6 5  180 0  99 673405  7928 2758  576 5 1 97  278 89 43887  215  128 8 95  219 6   180 0 3 114 57 278 5726  118  576  421  97  0968 0579 636 6  125275 7 0584   521 76 521  97  278  30 464  876 5 159  5646 114 1 
  65 128   895  236   467 2 11 9 118 00 3  576 5  1 353 478 30  464 5 6019 968477090 889  521  97 2  781 670 5  121 6 4834 3 508   434 8 5 6 114  57 278  5726  118  576 436  467 2 43 5  345 2  75 6019 28 8 67 97   278 39946 895  219  9 118 00 673405  7928 27 58  576 5  125275 7 0584  521 76 521  97  278  30 464  876 5 159  5646 114 1 4 519  889   97  51   467 2 4968479 521  97  353   56 114   519 19  9 118 00 36 468 
 5  460 036 467    118 0014  01525517 519  118 0  1894  45 229    5  345 2  74 7709096 73470920   128  571  97  278 30 40 421 58  576 5  9 434  421 59560 421  8302 03 118 06 571 9 1894  343  464  6 5  180 0  99 673405  7928 2758  576 5 1 97  278 89 43887  215  128 8 95  219 6   180 0 3 114 57 278 5726  118  576  421  97  0968 0579 636 6  125275 7 0584   521 76 521  97  278  30 464  876 5 159  5646 114 1 4 519 8
  180   1894 45  229 5  345 2  74 7709096 73470920   128  571  97  278 30 40 421 58  576 5  9 434  421 59560 421  8302 03 118 06 571 9 1894  343  464  6 5  180 0  99 673405  7928 27 58  576 5 1 97  278 89 43887  215  128 8 95  219 6   180 0 3 114 57 278 5726  118  576  421  97  0968 0579 636 6  125275 7 0584   521 76 521  97  278  30 464  876 5 159  5646 114 1 4 519 889 97 51  121 6 1 51  80059 53724   348 562510 
 8  576 5 9 434  421 59560 421 8302 464   6 5  180 0  99 673405   7928 27  8 435  0 819  53724   348 562510 8 114 636   467 2  435 5  460 036 14 519 1 211 2888 30 464   67 97   278  316 01 345  1586 0 421  5  8577 445   4 519 045 0 421 5 9 561 5  1 353 478 0  192 889  521  6019 936  467 2  4314 278 9431  519  118  65 128  1 9 118 00 3 56 114   72611 6 467 136   464 6 121  97 858  576 5 1 97 2921 97 2 781 670 5  467  118 00
  819 53724    348 562510 8 114 636   467 2  435 5  460 036 14 519 1 211 2888 30 464   67 97   278  316 01 345  1586 0 421 5  8577 445   4 519 045 0 421 5 9 561 5  1 353 478 0 192 889    521  6019 936  467 2 4314 278 94   8  576 5 9 434  421 59560 421 8302 464   6 5  180 0  99 673405  7928 278  435 031  519  118  65 128  1  9 118 00 3 56 114   72611 6 467 136   464 6 121  97 858  576 5 1 97 2921 97 2 781 670 5  467  118 00
 2758  576 5 1 97  278 89 43887  215  128 8 95  219 6   180 0 3 114 57 278 5726  118  576  421  97  0968 0579 636 6  125275 7 0584   521 76 521  97  278  30 464  876 5 159  5646 114 1  4 519  889  97 51  121 6 1 51  80059 53724    348 562510 8 114  636   467 2 435 345  1586 0 421 5  8577 445   4 519 045 0 421 5 9 561 5  1 353 478 0 192 889    521  6019 936  467 2 4314 278 9431  519  118  65 128  1 9 118 00 3 56 114  72611
 781 670 5 74 7709096   121 6   480065 8 6  114 3  128  895 0  036 2 4968475  6019  965 855064 99 670    467 2 6 114 580 036 904220  464 84 519  118 89  521  97 7 128  895  219 5 94  576 5 5 236  467 2 11 9 118 00 357   576 5     460  036  467   118 0014  01525517 519  118 0  1894  45 229    5  345 2  73470920 128  571  97  278 30 40 421 58  576 5  9 434  421 59560 421  8302 03 118 06 571 9 1894  343  464 6 5  180 0  99673
 0 421 5 9 561 5 1 353 478 0 192 889   521  6019 936  467 2  4314 278 9431  519  118  65 128  1 9 118 00 3 56 114   72611 6 467 136   464 6  121    97 858  576 5 1 97 2921 97 2 781 670 5  467   118 0014 01525517 519  118 0  1894 45  229   5  345 2  7446 4726 114 514 519 48 56 114   519 08304  576 5 12282177 3 508   434 8 5  6284770908 895 2  434 8  561   121 6 480065  86 7563  56 114   519 19 9 118 00  36 468 8 95  219 91 103    65
 4 519 045 0 421 5  9 561 5 1 353 478 0 192 889   521  6019 936  467 2  4314 278 9431  519  118  65 128  1 9 118 00 3 56 114   72611 6 467 136   464 6  121    97 858  576 5 1 97 2921 97 2 781 670 5  467   118 0014 01525517 519  118 0  1894 45  229   5  345 2  7446 4726 114 514 519 48 56 114   519 08304  576 5 12282177 3 508   434 8 5  6284770908 895 2  434 8  561   121 6 480065  86 7563  56 114   519 19 9 118 00  36 468 8 95  219 91 103    
 58  576 5 1 97  278 89 43887  215  128 8 95  219 6   180 0 3 114 57 278 5726  118  576  421  97  0968 0579 636 6  125275 7 0584   521 76 521  97  278  30 464  876 5 159  5646 114 1 4 519  889  97 51  121 6 1 51  80059 53724   348 562510 8 114  636   467 2 435 345  1586 0 421 5  8577 445   4 519 045 0 421 5 9 561 5  1 353 478 0 192 889    521  6019 936  467 2 4314 278 9431   519  118  65 128  1 9 118 00 3 56 114   72611 6 467 136   464 6  121   97 8 036  512 