 219 72789431  5191 18   5191 18 0 1894 4521 97 2  
 4352821778304 5765 128  8952 1  97 25108165 855064  9911800 364 672431
 5765  219 72789431  5191 18   5191 18 0 1894 4521 97 2   78894  3834 3508 12 4348  5
 01746 4834 943  4352821778304 5765 128  8952 1  97 25108165 855064  9911800 364 
 229  5 34527446  4 72611 451 4519 48  5611 4 5 1908304  5765 12282177 3508 4348 5  6284770908 8952  4348 561 1216 480065 
  97 858 5765 1 97 2921 97 2 7816705 467 1180014 01525517  5191 18 0 3508 4348 5 6284770908 8952  4348 561 1216 480065 86
  6284770908 8952  4348 561 1216 480065 86 7563   5611 4  5191 991 180036468   8952 1 991 103 65128 8967 2127  78894 38872151288
 8 4353451586  751 1216 76106251408159534780 1928 8911 5191 41   4519 8 89  97  14636 475135285421 5765 1595646190186559 53724 385
 67 97  5771445 8316 01327 4519 351586  0421 5   8577 445  8316  013451586   0421 5 086  0421 5 8451586  0421 5   8577 445 160134515450483  8577 445 860134
 94 5765  1288950  65 1288950   0362 15128895  2196  1143 6458  5611 4  5190450911800315   0362 15128895  2196  1143 6458  5611 4  5190450911800315 9457
 572785 72611 8576436 4672 43 53452 75 6019 28   5611 4  5191 991 180036468   8952 1 9911800  65128  8952 36 4672  1191180 03 5765  1353478 30 508 4348   5611 4 
 4672 521 97 75236 4672   1191180 03 57 576 5 46003 6467   1180014 015255220 128  8952 1  95917 5191  180 1894  45229 53452  6114  58003 69044 5765 46484  5191 18 89
  5 34527446  4 72611 451 4519 48  5611 4 5 1908304  5765 12282177 3508 4348 5    6284770908 8952  4348 561 1216 480065 86 7563   5611 4  5191 991 180036468   8952 1 991 
  480065 8 6 1143 1288950 0362  496847 5  6019  965 855064 99670  4672  6114 58003 6904220  46484  5191 18 89 521 97 7 128  8952 1  95 94 5765 5 236 4672   1191180 03 57  5765   
 46003 6467  1180014  01525517  5191 18 0 1894 45229    5 34527446  4 72611 451 4519 48  5611 4 5 1908304  5765 12282177 3508 4348 5  62 7563   5611 4  5191 991 180036468 8
   4519 8 89 97 51 1216 1 51  80059 53724   348562510 81 14636  4672 4353451586  0421 5  8577 445   4519 045   0421 5 95615 1353478 0 1928  8952 1  6019 936   4672  431427894 31 
 21 97 2  7816705 1216   480065 8 6 1143  1288950 0362  496847 5  6019  965 855064 99670  4672  6114 58003 6904220  46484  5191 18 89 521 97 7 128  8952 1  95 94 5765 5 236 467
 7563  5611 4  5191 991 180036468   8952 1 991103 34527446 4 72611 451 4519 48  5611 4 5 1908304   5765  12282177   4519 045   0421 5 95615 1353478 0 1928  8952 1  6019 936  4672 
 7 83020  3118065719 1894   343464 6  5180 0 9 1146 46003 6467  1 2888 19118003  5611 4   72611  6467   136464612 1 97  8036 46 4 72611 451 4519 48   5611 4 519  0421 5 956  0421 5 8 5765 2
 1928  8952 1  6019 936 4672   431427894 31   5191 18  65128 19118003  5611 4   72611 6467  136464612 1  97 858 5765 1 97 2921 97 2 7816705 467 1180014 01525517  5191 18 0 1894 45229  
 236 4672  1191180 03 5765 1353478  30464   67 97  27839 673405   7928 27 58 5765 1252757 0584  52176521  97 278 30464 876 5159 564 6114 1   4519 8 89  97   5159  53724 3485612 7 83020  
  01525517  5191 18 0 1894 52176521 97 278 30464  876 5159 564 6114 1 45 45229   5 34527446  4 72611 451 4519 48  5611 4 5 1908304  5765 12282177 3508 4348 5  62364646121 97 858576
   5611 4  572785 72611 8576436 4672 43 53452 75 6019 28   8952 1  97 3536 4672  496847 5 6019 9684770908  8952 1  97 2  7816705 1216 48   5611 4  5191 991 180036468   8952 1 9911800 65128 
  65128 8967 2127  78894 38872151288 95 2196 18003114 572785 726 118576421 97  0968 05796366 1252757 0584  52176521   97 278 30464 876 5159 564 6114 1   4519 8 89  97 51 1216 1 51  
 84 3508 19 215 95615 13 67 97    27 8316  013451586  0421 5  8577 445   4519 045 04534780 1928   8952 1 6019 97 92827 53724   348562510 81 14636   4672 4355 46003 614 5191  211 2888 30464 
 6  5180 0 99 673405   7928 27 84 3508 19 53724  348562510 81 14636   4672 4355 46003 614 5191  211 2888 30464  67 97    27 8316  013451586  0421 5  8577 445   4519 045   0421 5 95615 1353478 0  
  7928 27 84 3508 19 53724  348562510 81 14636   4672 4355 46003 614 5191  211 2888 30464  67 97   27 8316  013451586  0421 5  8577 445  4519 045   0421 5  95615 1353478 0 1928  8952 1  6019 9 
 895 2 1 97 2  7816705 1216   480065 8 6 1143  1288950 0362  496847 5  6019  965 855064 99670  4672  6114 58003 6904220  46484  5191 18 89 521 97 7 128  8952 1  95 94 5765 5 236  4672 1191180
  7816705 1216   480065 8 6 1143 1288950 0362  496847 5  6019  965 855064 99670  4672  6114 58003 6904220  46484  5191 18 89 521 97 7 128  8952 1  95 94 5765 5 236 4672   1191180 03 57  5765   460
 94 5765 5 99670 4672  6114 5805 1216   480065 8 6 1143  1288950  0362  496847 5  6019  03236 4672 119178121 97 7 128  8952 1  9  5180 0 357 5765 460670 965  855064 6904220 46484  5191 18 89 5
  348562510 81 14636  4672 4353451586  0421 5   8577 445   4519 045   0421 5 95615 1353478 0 1928  8952 1  6019 936   4672   431427894 31  5191 18 65128 19118003  5611 4  72611 6467  136464612
 180036468  8952 1 9911800 65128  895  2 36 4672  1191180 03 5765 1353478  30464   67 97  27839 673405   7928 27 58 5765 1252757 0584  52176521  97 278 30464 876 5159 564 6114 1   4519 8 89  97  
 80059 53724    348562510 81 14636  4672 4353451586  0421 5   8577 445   4519 045   0421 5 95615 1353478 0 1928  8952 1  6019 936   4672   431427894 31  5191 18 65128 19118003  5611 4  72611 6467  
  819 53724   348562510 81 14636   4672 4355 46003 614 5191  211 2888 30464  67 97   27 8316  013451586  0421 5  8577 445   4519 045   0421 5 95615 1353478 0 1928  8952 1  6019 936   4672 431427894  
 72789431  5191 18   5191 18 0 1894  4521  97 2 78894 3834 3508 12 4348   5611 4 519 1216 70 4672   6114 58003 6904220   46484  5191 1 4521  97 27 128  8952 1  95 94 5765 1288950  0362 15128895 2196 1 
 6 1143 1288950 0362  496847 5  6019  965 855064 99670  4672  6114 58003 6904220  46484  5191 18 89 521 97 7 128  8952 1  95 94 5765 5 236 4672   1191180 03 57  5765   46003 6467   1180014 01525517
 95615 1353478 0 1928  8952 1  6019 936  4672   431427894 31   5191 18  65128 19118003  5611 4   72611 6467  136464612 1  97 858 5765 1 97 2921 97 2 7816705 467 1180014 01525517  5191 18 0  1894 45 
  855064 99670  4672  6114 58003 6904220  46484  5191 18 89 521 97 7 128  8952 1  95 94 5765 5 236 4672   1191180 03 57 576746 4834 943435  4521  7709096 7347092012  8571 97 27830 4  0421 5 8 5765  9  *
  855064 99670  4672  6114 58003 6904220  46484  5191 18 89 521 97 7 128  8952 1  95 94 5765 5 236 4672   1191180 03 57 576746 4834 943435  4521  7709096 7347092012  8571 97 27830 4  0421 5 8 5765  9  
 118576421 97  0968 05796366 1252757 0584  52176521   97 278 30464 876 5159 564 6114 1   4519 8 89  97  51 1216 1   5180 0 5458 5611  97 3536 4672 4348  5611 4  5196 72611  4519  0 3118065719  1894 343 
 211 911800357 5765  46003 6467  1180014  01525517  5191 18 0  1894  45229   53452 74  7709096 7347092012  8571  97 27830 4  0421 5 8 5765  9 4344215956  0421 83020 3118065719  1894  343464 6  5180 0 9
 094343 508 4348   5611  8003641 97 3536 4672  496847 5 6019 9684770908  8952 1 68  8952 1 9911800 65128 14 572785 72611 8576436 4672 43 53452 75 6019 28  8952  97 2  7816705 1216 48  5611 4  5191 991
 9521 991184 3508 12  4348   5611 4 5191 211 2888 30464  67 97  27 8316  01746 4834 943 435 4521  97 2127  7709096 7347092012  8571 97 27830 4  0421 5 8 5765  9 4344215956  0421 83020 3118065719  1894 34
 97 46 4834 947 27830  4  0421 5 8 5765  9 4344215956  0421 83020 3118065719  1894 3 4521 991184 3508 12 4348   5611 4 5191 211 2888 30464  67 97   27 8316  013435 4521  97 2127  7709096 7347092012  8571 9
 1143 1288950 0362  496847 5  6019  965 855064 99670  4672  6114 58003 6904220  46484  5191 18 89 521 97 7 128  8952 1  95 94 5765 5 236 4672   1191180 03 57 576746 4834 943435 4521 7709096 7347092012 
 46 4 72611 451 4519 48  5611 4 5 1908304   5765  12282177  3508  4348 5  62 7563   5611 4  5191 991 180036468 8  9521 991184 3508 12  4348   5611 4  5191  211 2888 30464  67 97  27 8316  01746 4834 943 435 4521  97 2127 
  5191 18 65128 19118003  5611 4   72611 6467  136464612 1 97 8036  46 4 72611 451 4519 48  5611 4 5 1908304   5765  12282177  3508  4348 5  62 7563   5611 4  5191 991 180036468 8 9521 991184 3508 12  4348   5611 4  5191  211 
  8577 445   4519 045   0421 5 95615 1353478 0 1928  8952 1  6019 936   4672   431427894 31  5191 18 65128 19118003  5611 4  72611 6467 18641800 5458  5611  97 3536 4672 4348  5611 4  5196 72611  4519  0 3118065719  1894 343180014
 965   855064 99670  4672  6114 58003 6904220  46484  5191 18 89 521 97 7 128  8952 1  95 94 5765 5 236 4672   1191180 03 57 576746 4834 943435  4521  7709096 7347092012  8571 97 27830 4  0421 5 8 5765  9  4344215956 0421 8302464
 95 2196 18003114 572785 726  118576421 97  0968 05796366 1252757 0584  52176521   97 278 30464 876 5159 564 6114 1   4519 8 89  97  51 1216 1   5180 0 5458 5611  97 3536 4672 4348  5611 4  5196 72611  4519  0 3118065719  1894 343 
 4  0421 5 8 5765   1216 1 5180   094343 508 4348     5611 4  572785 72611 8576436 4672 43 53452 75 6019 28   8952 1  97 3536 4672  496847 5 6019 9684770908  8952 1  97 2  7816705  1216  48   5611 4  5191 991 180036468   8952 1 9911800 65128 
 3834 3508 12 4348   5611 4 519 1216 70 4672   6114 58003 6904220   46484  5191 1 4521  97 27 128  8952 1  95 94 5765 1288950  0362 15128895 2196 1 143 6458   5611 4  5190450911800315 86  0421 5 8 5765 128872 4348   5611 4 5196 72611 4519
 30464  8 4353451586   0421  5765 1595646190186559 53724  348562510 8145  0421 5 95615 1353478 0 1928 8911 5191 41   4519 8 89  97 14636 4672 8577 51 1216 1  5180 0 672431 4278943144545521 6019 9364128 19118003   5611 4 72611
 508 4348   5611  4 572785 72611 8576436 4672 43 53452 75 6019 28   8952 1  97 3536 4672  496847 5 6019 9684770908  8952 1  97 2  7816705 1216 48  5611 4  5191 991 180036468  8952 1 9911800 65128  895 236 4672  1191180 03 5765  1353478 30
 2196  05796366 125 2758 89031176 5159 564 6114 1   4519 8 89  97  51 1216 1 5180 86 7563   5611 4  5191 991 180036468   8952 1 991 13887215127 78894 50364575128 8967  2127 0584 52176521  97 278 30464 81802785726 118576421  97 0968
 86 7563  5611 4  5191 991 180036468   8952 1 991103    65128 8967 2127  78894 38872151288 95 2196 18003114 572785 726 118576421 97  0968 05796366 1252757 0584  52176521   97 278 30464 876 5159 564 6114 1   4519 8 89  97 51 1216 1 51  80
 51  97 2921 97 2 7816705 467184770908 8952  4348 561 1216   480065 8 6 7563   5611 4 5191 9911800 364666 1252757 058198  8952 1 991 103 65128 8967 2127  78894 38872151288  95 2196 18003114 572785 726 118576421 97  0968 05796389 97 511 211 5
   0421 5 95615 1353478 0 1928  8952 1  6019 9 36 4672   431427894 31   5191 18  65128 19118003  5611 4   72611 6467  136464612 1  97 858 5765 1 97 2921 97 2 7816705 467 1180014 01525517  5191 18 0 1894 45229    5 34527446  4 72611 451 4519 48  5611 4 5 1908304  5765 12282177 3508 4348 5  
  180036468   8952 1 9912 6114 51 4519  8  5611 4 5 1908304  5765  12282177 3508 4348 5  628474688980521036499159911867 4519 468  8952 1 991 5 34527446  4 72611 451 4519 48  5611 4  5065  5 34527446  4 72611 451 4519 48  5611 4  5065 63  5611 4 519 86 7563   5611 4  5191 991 180036468   8952 1 991 2 6114 511991
 5 34527446   1908304  5765  12282177 3508 4348 5  6284770908 8952 43991 180036468   8952 1 991 5 34527446  4 72611 451 4519 48  5611 4 5065 86 7563    5611 4  5191 991  180036468   8952 1 9912 6114 51 4519  48  5611 4 5 1908304  5765  12282177 3508 4348 5  6284748561 1216 4804770908 8952  4348 561 1216   480065 8 6 7563   5611 4  5191 
 1180014  01525517  5191 18 0  1894  45229  53452 74  7709096 7347092012  8571  97 27830 4  0421 5 8 5765  9 4344215956  0421 83020 3118065719  1894 343464 6  5180 0 99 673405  7928 2758 5765 1 97 2 78894 38872151288 95 2196 18003114 572785 726 118576421 97  0968 05796366 1252757 0584  52176521   97 278 30464 876 5159 564 6114 1 
  65128  8952 36 4672  1191180 03 5765  1353478 30 4645 6019 9684770908  8952 1  97 2  7816705 1216 4834 3508 4348 5  6114  572785 72611 8576436 4672 43 53452 75 6019 28 8 67 97   27839 946  8952 1  9911800 673405  7928 27 58 5765 1252757 0584  52176521  97 278 30464 876 5159 564 6114 1   4519 8 89  97  51  4672 496847 9521  97 353  5611 4  5191 991 180036468 
 5 46003 6467   1180014  01525517  5191 18 0  1894  45229   53452 74  7709096 7347092012  8571  97 27830 4  0421 5 8 5765  9 4344215956  0421 83020 3118065719  1894 343464 6  5180 0 99 673405  7928 2758 5765 1 97 2 78894 38872151288 95 2196 18003114 572785 726 118576421 97  0968 05796366 1252757 0584  52176521   97 278 30464 876 5159 564 6114 1  4519 8
 180 1894  45229 53452 74  7709096 7347092012  8571  97 27830 4  0421 5 8 5765  9 4344215956  0421 83020 3118065719  1894 343464 6  5180 0 99 673405  7928 27 58 5765 1 97 2 78894 38872151288 95 2196 18003114 572785 726 118576421 97  0968 05796366 1252757 0584  52176521   97 278 30464 876 5159 564 6114 1   4519 8 89 97 51 1216 1 51  80059 53724  348562510 
 8 5765 9 4344215956 0421 8302464   6  5180 0 99 673405   7928 27 84 3508 19 53724  348562510 81 14636   4672 4355 46003 614 5191  211 2888 30464  67 97    27 8316  013451586  0421 5  8577 445   4519 045   0421 5 95615 1353478 0  1928  8952 1  6019 936 4672   431427894 31  5191 18 65128 19118003  5611 4   72611 6467  136464612 1 97 858 5765 1 97 2921 97 2 7816705 46711800
  819 53724   348562510 81 14636   4672 4355 46003 614 5191  211 2888 30464  67 97   27 8316  013451586  0421 5  8577 445   4519 045   0421 5 95615 1353478 0 1928  8952 1  6019 936   4672 431427894   8 5765 9 4344215956 0421 8302464   6  5180 0 99 673405    7928 27 8435031  5191 18 65128 19118003  5611 4   72611 6467  136464612 1  97 858 5765 1 97 2921 97 2 7816705 46711800
 2758 5765 1 97 2 78894 38872151288 95 2196 18003114 572785 726 118576421 97  0968 05796366 1252757 0584  52176521   97 278 30464 876 5159 564 6114 1    4519 8 89 97 51 1216 1 51  80059 53724   348562510 81 14636  4672 4353451586  0421 5  8577 445   4519 045   0421 5 95615 1353478 0 1928  8952 1  6019 936   4672  431427894 31  5191 18 65128 19118003  5611 4 72611
 7816705 74 7709096  1216   480065 8 6 1143 1288950 0362  496847 5  6019  965 855064 99670  4672  6114 58003 6904220  46484  5191 18 89 521 97 7 128  8952 1  95 94 5765 5 236 4672   1191180 03 57  5765    46003 6467  1180014  01525517  5191 18 0  1894  45229   53452 7347092012 8571  97 27830 4  0421 5 8 5765  9 4344215956  0421 83020 3118065719  1894   343464 6  5180 0 9 9673
  0421 5 95615 1353478 0 1928  8952 1  6019 936  4672   431427894 31   5191 18  65128 19118003  5611 4   72611 6467  136464612 1  97 858 5765 1 97 2921 97 2 7816705 467 1180014 01525517  5191 18 0  1894 45  229  5 34527446  4 72611 451 4519 48  5611 4 5 1908304  5765 12282177 3508 4348 5  6284770908 8952  4348 561 1216 480065  86 7563  5611 4  5191 991 180036468   8952 1 991103   65
  4519 045  0421 5  95615 1353478 0 1928  8952 1  6019 936  4672   431427894 31   5191 18  65128 19118003  5611 4   72611 6467  136464612 1  97 858 5765 1 97 2921 97 2 7816705 467 1180014 01525517  5191 18 0  1894 45  229  5 34527446  4 72611 451 4519 48  5611 4 5 1908304  5765 12282177 3508 4348 5  6284770908 8952  4348 561 1216 480065  86 7563  5611 4  5191 991 180036468   8952 1 991103   
 58 5765 1 97 2 78894 38872151288 95 2196 18003114 572785 726 118576421 97  0968 05796366 1252757 0584  52176521   97 278 30464 876 5159 564 6114 1   4519 8 89 97 51 1216 1 51  80059 53724  348562510 81 14636  4672 4353451586  0421 5  8577 445   4519 045   0421 5 95615 1353478 0 1928  8952 1  6019 936   4672  431427894 31   5191 18 65128 19118003  5611 4   72611 6467  136464612 1 97 8036 512 